取前x%作为热门
5%：
热门物品数量: 2758
长尾物品数量: 55132
用户1 总体兴趣向量: [0, 14, 11, 0, 1, 28, 10, 0, 63, 2, 1, 1, 0, 0, 6, 20, 11, 9, 12, 1]
用户1 长尾兴趣向量: [0, 11, 8, 0, 1, 27, 8, 0, 61, 2, 1, 1, 0, 0, 5, 20, 6, 7, 12, 1]
用户1 热门兴趣向量: [0, 14, 11, 0, 0, 24, 8, 0, 56, 2, 1, 1, 0, 0, 6, 19, 11, 9, 12, 1]
用户2 总体兴趣向量: [0, 6, 5, 8, 10, 19, 3, 0, 20, 4, 0, 0, 2, 7, 1, 21, 0, 9, 1, 0]
用户2 长尾兴趣向量: [0, 6, 5, 8, 10, 18, 2, 0, 18, 4, 0, 0, 2, 7, 1, 20, 0, 8, 0, 0]
用户2 热门兴趣向量: [0, 6, 5, 8, 10, 19, 3, 0, 20, 4, 0, 0, 2, 7, 1, 21, 0, 9, 1, 0]
用户3 总体兴趣向量: [0, 29, 35, 9, 12, 27, 8, 0, 43, 6, 0, 1, 4, 7, 1, 21, 16, 17, 10, 1]
用户3 长尾兴趣向量: [0, 22, 27, 9, 12, 25, 6, 0, 36, 6, 0, 1, 3, 7, 1, 20, 11, 15, 7, 1]
用户3 热门兴趣向量: [0, 27, 33, 9, 12, 25, 8, 0, 42, 6, 0, 1, 4, 7, 0, 21, 14, 17, 10, 1]

1%：
热门物品数量: 551
长尾物品数量: 54792
用户1 总体兴趣向量: [0, 14, 11, 0, 1, 28, 10, 0, 63, 2, 1, 1, 0, 0, 6, 20, 11, 9, 12, 1]
用户1 长尾兴趣向量: [0, 6, 3, 0, 1, 18, 5, 0, 40, 0, 0, 0, 0, 0, 3, 13, 3, 3, 6, 1]
用户1 热门兴趣向量: [0, 12, 10, 0, 0, 11, 6, 0, 28, 2, 1, 1, 0, 0, 3, 8, 11, 8, 8, 0]
用户2 总体兴趣向量: [0, 6, 5, 8, 10, 19, 3, 0, 20, 4, 0, 0, 2, 7, 1, 21, 0, 9, 1, 0]
用户2 长尾兴趣向量: [0, 3, 2, 3, 4, 9, 1, 0, 10, 0, 0, 0, 0, 2, 1, 11, 0, 3, 0, 0]
用户2 热门兴趣向量: [0, 4, 3, 5, 6, 10, 3, 0, 11, 4, 0, 0, 2, 5, 1, 10, 0, 8, 1, 0]
用户3 总体兴趣向量: [0, 29, 35, 9, 12, 27, 8, 0, 43, 6, 0, 1, 4, 7, 1, 21, 16, 17, 10, 1]
用户3 长尾兴趣向量: [0, 13, 16, 4, 6, 18, 4, 0, 19, 3, 0, 1, 0, 4, 1, 10, 6, 6, 4, 0]
用户3 热门兴趣向量: [0, 20, 22, 6, 7, 14, 4, 0, 27, 5, 0, 1, 4, 4, 0, 13, 11, 13, 8, 1]