热门物品数量: 40
长尾物品数量: 8171
热门物品交互数降序分布：
       movieId  interaction_count
314        318              70514
292        296              62416
351        356              58875
585        593              57969
2473      2571              55742
257        260              52099
522        527              48680
2860      2959              46856
49          50              45648
1164      1196              44246
839        858              43411
1166      1198              41539
4869      4993              41529
108        110              41246
2759      2858              40249
581        589              39292
1177      1210              38997
46          47              38051
0            1              37709
6972      7153              37674
5807      5952              37666
600        608              36348
475        480              35121
452        457              34764
1935      2028              33925
1235      1270              33741
2663      2762              32884
11955    58559              32215
4106      4226              31853
31          32              31550
148        150              31114
3466      3578              30337
14395    79132              29620
1106      1136              29137
1162      1193              29099
1638      1704              28805
1165      1197              28607
1188      1221              27691
536        541              27314
1181      1214              26820
长尾物品交互数降序分布：
       movieId  interaction_count
40856   209155                  1
394        399                  1
632        642                  1
633        643                  1
684        699                  1
...        ...                ...
2129      2224                  1
2127      2222                  1
2119      2213                  1
1701      1781                  1
1697      1776                  1

[8171 rows x 2 columns]
总体-长尾 余弦相似度均值: 0.4467  KL散度均值: 2.4270
总体-热门 余弦相似度均值: 0.5888  KL散度均值: 1.8770
长尾-热门 余弦相似度均值: 0.3796  KL散度均值: 2.7793